tileswide 25
tileshigh 20
tilewidth 32
tileheight 32

layer 0
13,13,13,13,13,13,13,13,13,13,13,13,13,13,13,13,13,13,13,13,13,13,13,13,13,
13,13,13,13,13,13,13,13,13,13,13,13,13,13,13,13,13,13,13,13,13,13,13,13,13,
13,13,13,13,13,13,13,13,13,13,13,13,13,13,13,13,13,13,13,13,13,13,13,13,13,
13,13,13,13,13,13,13,13,13,13,13,13,13,13,13,13,13,13,13,13,13,13,13,13,13,
13,13,13,13,13,13,13,13,13,15,15,15,15,15,15,13,13,15,15,13,13,13,13,13,13,
13,13,13,13,13,13,13,13,10,9,9,9,9,9,9,18,14,9,9,16,13,13,13,13,13,
13,13,13,13,13,13,13,14,9,9,9,9,9,9,9,18,14,9,9,9,16,13,13,13,13,
13,13,13,13,13,13,13,14,9,8,1,1,2,9,9,18,14,9,0,9,9,18,13,13,13,
13,13,13,13,13,13,13,14,9,7,0,0,3,9,9,18,14,9,0,9,9,18,13,13,13,
15,15,15,15,15,15,15,10,9,7,0,0,3,9,9,18,14,9,0,0,9,18,13,13,13,
9,9,9,9,9,9,9,9,9,7,0,0,3,9,9,18,14,9,0,0,9,18,13,13,13,
11,11,11,11,11,11,11,12,9,6,5,5,4,9,9,18,13,14,9,9,9,18,13,13,13,
13,13,13,13,13,13,13,14,9,9,9,9,9,9,9,18,13,13,14,9,9,18,13,13,13,
13,13,13,13,13,13,13,14,9,9,9,0,0,9,9,9,18,13,13,13,14,18,13,13,13,
13,13,13,13,13,13,13,14,9,9,9,0,0,9,9,9,16,15,15,13,13,13,13,13,13,
13,13,13,13,13,13,13,13,12,9,9,0,0,0,0,0,0,0,9,18,13,13,13,13,13,
13,13,13,13,13,13,13,13,13,12,9,9,9,0,0,0,0,0,9,18,13,13,13,13,13,
13,13,13,13,13,13,13,13,13,13,11,11,11,11,11,11,11,11,11,13,13,13,13,13,13,
13,13,13,13,13,13,13,13,13,13,13,13,13,13,13,13,13,13,13,13,13,13,13,13,13,
13,13,13,13,13,13,13,13,13,13,13,13,13,13,13,13,13,13,13,13,13,13,13,13,13,

layer 1
0,0,0,0,0,0,0,0,0,0,0,0,0,0,0,0,0,0,0,0,0,0,0,0,0
0,0,0,0,0,0,0,0,0,0,0,0,0,0,0,0,0,0,0,0,0,0,0,0,0
0,0,0,0,0,0,0,0,0,0,0,0,0,0,0,0,0,0,0,0,0,0,0,0,0
0,0,0,0,0,0,1,1,1,1,1,1,1,1,1,1,1,1,1,1,1,1,1,0,0
0,0,0,0,0,0,1,0,0,0,0,0,0,0,0,0,0,0,0,0,0,0,1,0,0
0,0,0,0,0,0,1,0,0,0,0,0,0,0,0,0,0,0,0,0,0,0,1,0,0
0,0,0,0,0,0,1,0,0,0,0,0,0,0,0,0,0,0,0,0,0,0,1,0,0
0,0,0,0,0,0,1,0,0,0,0,0,0,0,0,0,0,0,0,0,0,0,1,0,0
1,1,1,1,1,1,1,0,0,0,0,0,0,0,0,0,0,0,0,0,0,0,1,0,0
0,0,0,0,0,0,0,0,0,0,0,0,0,0,0,0,0,0,0,0,0,0,1,0,0
0,0,0,0,0,0,0,0,0,0,0,0,0,0,0,0,0,0,0,0,0,0,1,0,0
0,0,0,0,0,0,0,0,0,0,0,0,0,0,0,0,0,0,0,0,0,0,1,0,0
1,1,1,1,1,1,1,0,0,0,0,0,0,0,0,0,0,0,0,0,0,0,1,0,0
0,0,0,0,0,0,1,0,0,0,0,0,0,0,0,0,0,0,0,0,0,0,1,0,0
0,0,0,0,0,0,1,0,0,0,0,0,0,0,0,0,0,0,0,0,0,0,1,0,0
0,0,0,0,0,0,1,0,0,0,0,0,0,0,0,0,0,0,0,0,1,1,1,0,0
0,0,0,0,0,0,1,1,0,0,0,0,0,0,0,0,0,0,0,0,1,0,0,0,0
0,0,0,0,0,0,0,1,1,0,0,0,0,0,0,0,0,0,0,0,1,0,0,0,0
0,0,0,0,0,0,0,0,1,1,1,1,1,1,1,1,1,1,1,1,1,0,0,0,0
0,0,0,0,0,0,0,0,0,0,0,0,0,0,0,0,0,0,0,0,0,0,0,0,0

